0700304047700
0700304049025
1230000271595
1230000275952
1230000923521
1230001492415
1230001979589
1230001996968
5036905021289
5036905029612
9336592006207
9780008149659
9780008164652
9780008218430
9780008260194
9780062300546
9780062338310
9780062381750
9780062457714
9780062498533
9780062563668
9780062654205
9780062659057
9780062666536
9780062667571
9780062820150
9780062820754
9780062835604
9780099558781
9780099583684
9780099590088
9780141376677
9780141986005
9780241318270
9780307887443
9780312367541
9780316352536
9780316391825
9780316416740
9780316416757
9780316442466
9780316512589
9780385514231
9780385541176
9780385541183
9780385542692
9780385543910
9780385543989
9780385604413
9780393609394
9780399580888
9780399593482
9780399593499
9780425284681
9780448456942
9780525555360
9780525575641
9780525954972
9780545791328
9780553448122
9780571336777
9780590353427
9780593078181
9780593078754
9780670026197
9780698152427
9780718096120
9780718185541
9780718187569
9780718187729
9780718188726
9780735213234
9780735215894
9780735224292
9780735224476
9780761169086
9780762447695
9780762490417
9780765399830
9780785216308
9780786965601
9780786966110
9780804189767
9780811826020
9780812995343
9780857524195
9780857561091
9780986237195
9780987497796
9780996765978
9780997090444
9780997772920
9780997895810
9780998739953
9781101874813
9781101883082
9781101934852
9781101946152
9781101969175
9781250080400
9781250122957
9781250122988
9781250125842
9781250138064
9781250171672
9781328994967
9781338132328
9781338216790
9781338256604
9781338267105
9781370740475
9781400080809
9781409158387
9781409164630
9781419723445
9781419727054
9781419730603
9781423160939
9781429983457
9781444791099
9781449474256
9781449486792
9781455570249
9781465455512
9781472252609
9781473661516
9781473670914
9781476716732
9781476738024
9781484777923
9781501111860
9781501126062
9781501139154
9781501142970
9781501163401
9781501173219
9781501175565
9781501180736
9781503943377
9781504039093
9781504040983
9781510703186
9781524714680
9781524720193
9781524731595
9781524741723
9781524766498
9781534409590
9781538711415
9781538745595
9781542807784
9781554537044
9781594204876
9781600572135
9781607747987
9781608636921
9781611459210
9781612437637
9781616207823
9781623221393
9781623708696
9781627790642
9781633757820
9781633758049
9781780722467
9781780897950
9781780898179
9781781065792
9781784082215
9781784295943
9781784703936
9781784705091
9781784741631
9781784975043
9781784975081
9781784975159
9781785174094
9781785174193
9781786690715
9781786812254
9781786812872
9781786813077
9781786813275
9781786892270
9781787460560
9781788160605
9781847948076
9781849904834
9781849909679
9781901784657
9781910561713
9781910561935
9781910931318 ---
9781941002148 --
9781943796045
9781944270278
9781945089282
9781945741005